-1.583021259307861328e+01 -6.489912986755371094e+00
-1.578862094879150391e+01 -5.685921669006347656e+00
-1.487752151489257812e+01 -4.586898326873779297e+00
-1.483580207824707031e+01 -4.038478374481201172e+00
-1.503338146209716797e+01 -3.566255569458007812e+00
-1.582550811767578125e+01 -3.564601182937622070e+00
-1.664353942871093750e+01 -3.588911056518554688e+00
-1.696956253051757812e+01 -2.993981122970581055e+00
-1.803147125244140625e+01 -2.884633541107177734e+00
-1.887352561950683594e+01 -2.325022220611572266e+00
-1.990035247802734375e+01 -1.546708822250366211e+00
-2.080380821228027344e+01 -1.137626886367797852e+00
-2.097970390319824219e+01 -6.863535642623901367e-01
-2.140649223327636719e+01 -4.185568094253540039e-01
-2.197585296630859375e+01 -5.928577184677124023e-01
-2.208192825317382812e+01 -1.083667278289794922e+00
-2.257992172241210938e+01 -1.668740510940551758e+00
-2.279272651672363281e+01 -2.595042228698730469e+00
-2.292283630371093750e+01 -3.302983760833740234e+00
-2.347567749023437500e+01 -3.838052272796630859e+00
-2.342739677429199219e+01 -4.618628501892089844e+00
-2.397419548034667969e+01 -5.819334506988525391e+00
-2.411536026000976562e+01 -7.262707710266113281e+00
-2.428551864624023438e+01 -8.199497222900390625e+00
-2.492199134826660156e+01 -8.793145179748535156e+00
-2.484523200988769531e+01 -9.326783180236816406e+00
-2.518607330322265625e+01 -9.953813552856445312e+00
-2.521965980529785156e+01 -1.013462448120117188e+01
-2.462154388427734375e+01 -1.072064113616943359e+01
-2.418741416931152344e+01 -1.042832660675048828e+01
-2.432977485656738281e+01 -9.690969467163085938e+00
-2.406382560729980469e+01 -1.012714672088623047e+01
-2.338165283203125000e+01 -1.039086437225341797e+01
-2.303756904602050781e+01 -9.786131858825683594e+00
-2.243887519836425781e+01 -9.530086517333984375e+00
-2.176002120971679688e+01 -9.932395935058593750e+00
-2.153937911987304688e+01 -9.909023284912109375e+00
-2.125759887695312500e+01 -9.075076103210449219e+00
-2.077928733825683594e+01 -9.188823699951171875e+00
-2.027097511291503906e+01 -9.321533203125000000e+00
-1.996735191345214844e+01 -8.654499053955078125e+00
-1.996831703186035156e+01 -8.251463890075683594e+00
-1.942464828491210938e+01 -8.721193313598632812e+00
-1.883004760742187500e+01 -8.359852790832519531e+00
-1.887603759765625000e+01 -7.785936832427978516e+00
-1.877228736877441406e+01 -7.241407394409179688e+00
-1.986609077453613281e+01 -7.235059738159179688e+00
-2.053277206420898438e+01 -7.131421566009521484e+00
-2.140593338012695312e+01 -7.044457435607910156e+00
-2.225290679931640625e+01 -6.354190349578857422e+00
-2.506796646118164062e+01 -5.487756729125976562e+00
-2.520300674438476562e+01 -5.212224960327148438e+00
-2.509027862548828125e+01 -4.615111351013183594e+00
-2.450911140441894531e+01 -4.576804637908935547e+00
-2.429791259765625000e+01 -4.190920829772949219e+00
-2.349202919006347656e+01 -4.230839729309082031e+00
-2.339887809753417969e+01 -5.072432041168212891e+00
-2.306922149658203125e+01 -5.267314434051513672e+00
-2.341891479492187500e+01 -6.877337455749511719e+00
-2.334140205383300781e+01 -8.009699821472167969e+00
-2.345911979675292969e+01 -9.022565841674804688e+00
-2.323760223388671875e+01 -1.049985408782958984e+01
-2.331265258789062500e+01 -1.129825878143310547e+01
-2.322536087036132812e+01 -1.184965133666992188e+01
-2.270512580871582031e+01 -1.218531036376953125e+01
-2.271741867065429688e+01 -1.273952102661132812e+01
-2.231604194641113281e+01 -1.272217464447021484e+01
-2.225987434387207031e+01 -1.259275054931640625e+01
-2.299222373962402344e+01 -1.243064880371093750e+01
-2.239347648620605469e+01 -1.190921020507812500e+01
-2.275059127807617188e+01 -1.138144874572753906e+01
-2.242621040344238281e+01 -1.107135677337646484e+01
-2.253448104858398438e+01 -1.031662654876708984e+01
-2.271785354614257812e+01 -8.832958221435546875e+00
-2.265206718444824219e+01 -7.758871555328369141e+00
-2.234629631042480469e+01 -4.559766292572021484e+00
-2.172424316406250000e+01 -3.513585805892944336e+00
-2.161639976501464844e+01 -2.986137628555297852e+00
-2.208168601989746094e+01 -2.697510957717895508e+00
-2.158815956115722656e+01 -2.589879989624023438e+00
-2.086493873596191406e+01 -2.279500484466552734e+00
-2.131115531921386719e+01 -1.889332294464111328e+00
-2.146338844299316406e+01 -1.592934012413024902e+00
-2.051997756958007812e+01 -1.467103719711303711e+00
-1.998084640502929688e+01 -7.372567057609558105e-01
-1.902330017089843750e+01 -3.155498206615447998e-01
-1.785350799560546875e+01 -1.269292682409286499e-01
-1.737525939941406250e+01 4.988379776477813721e-01
-1.678505134582519531e+01 5.347796082496643066e-01
-1.655177307128906250e+01 2.791979908943176270e-01
-1.675405693054199219e+01 8.420715332031250000e-01
-1.640216827392578125e+01 1.169329166412353516e+00
-1.592676067352294922e+01 1.153579831123352051e+00
-1.543260765075683594e+01 1.334573388099670410e+00
-4.288958549499511719e+00 1.573062419891357422e+00
-1.210276961326599121e+00 -3.464827314019203186e-02
-1.332504510879516602e+00 -4.353422522544860840e-01
-4.303287565708160400e-01 -7.337257266044616699e-01
-3.612884283065795898e-01 -1.302080988883972168e+00
-1.219541072845458984e+00 -1.603149175643920898e+00
-1.093765139579772949e+00 -2.207897663116455078e+00
-1.931815028190612793e+00 -2.142302274703979492e+00
-5.215848922729492188e+00 -1.020177364349365234e+00
-5.310492515563964844e+00 -1.330471515655517578e+00
-5.685475349426269531e+00 -1.676767110824584961e+00
-5.387959480285644531e+00 -1.956765055656433105e+00
-6.002598762512207031e+00 -2.693158149719238281e+00
-7.493689060211181641e+00 -3.992823839187622070e+00
-8.627622604370117188e+00 -4.534980297088623047e+00
-9.676171302795410156e+00 -5.518299579620361328e+00
-1.096291923522949219e+01 -5.497798442840576172e+00
-1.130177211761474609e+01 -5.874523162841796875e+00
-1.270397377014160156e+01 -6.284280300140380859e+00
-1.297307682037353516e+01 -5.691093444824218750e+00
-1.429110717773437500e+01 -5.432782173156738281e+00
-1.488490962982177734e+01 -5.882760524749755859e+00
-1.530413436889648438e+01 -5.497263431549072266e+00
-1.577151203155517578e+01 -4.812919616699218750e+00
-1.667459106445312500e+01 -4.774240016937255859e+00
-1.768527412414550781e+01 -4.276771068572998047e+00
-1.825524520874023438e+01 -3.732031345367431641e+00
-1.897290420532226562e+01 -4.057811737060546875e+00
-1.951153373718261719e+01 -3.806567192077636719e+00
-1.994681167602539062e+01 -3.789832353591918945e+00
-2.021252822875976562e+01 -4.698436737060546875e+00
-2.106642532348632812e+01 -4.723211288452148438e+00
-2.159845924377441406e+01 -4.192108154296875000e+00
-2.145523262023925781e+01 -4.904917240142822266e+00
-2.229282760620117188e+01 -5.461999416351318359e+00
-2.317609596252441406e+01 -6.150753021240234375e+00
-2.418092346191406250e+01 -6.860815525054931641e+00
-2.451197814941406250e+01 -7.836712837219238281e+00
-2.513504409790039062e+01 -8.190398216247558594e+00
-2.567479324340820312e+01 -8.424502372741699219e+00
-2.579578399658203125e+01 -9.240791320800781250e+00
-2.627888298034667969e+01 -8.993728637695312500e+00
-2.617120742797851562e+01 -8.555293083190917969e+00
-2.656533622741699219e+01 -8.211176872253417969e+00
-2.638253021240234375e+01 -7.816299438476562500e+00
-2.602370452880859375e+01 -7.325043678283691406e+00
-2.548111724853515625e+01 -7.448163986206054688e+00
-2.508620643615722656e+01 -7.020001411437988281e+00
-2.435192489624023438e+01 -6.424488544464111328e+00
-2.196954345703125000e+01 -6.677979469299316406e+00
-2.118028259277343750e+01 -6.065664291381835938e+00
-1.996074676513671875e+01 -6.126190662384033203e+00
-1.898908042907714844e+01 -6.227510452270507812e+00
-1.742758941650390625e+01 -5.774189472198486328e+00
-1.742015647888183594e+01 -5.017411708831787109e+00
-1.824870109558105469e+01 -5.415956497192382812e+00
-1.823187255859375000e+01 -5.455854415893554688e+00
-1.897696304321289062e+01 -4.970334053039550781e+00
-1.964903831481933594e+01 -2.821423530578613281e+00
-1.872667694091796875e+01 -1.653882980346679688e+00
-1.819277000427246094e+01 -1.621305584907531738e+00
-1.740175628662109375e+01 -2.185705900192260742e+00
-1.642450904846191406e+01 -1.735005378723144531e+00
-1.678263664245605469e+01 -1.117847084999084473e+00
-1.666286659240722656e+01 -1.872378468513488770e+00
-1.562374591827392578e+01 -2.110387325286865234e+00
-1.523396778106689453e+01 -1.343836903572082520e+00
-1.494183349609375000e+01 -1.407858610153198242e+00
-1.462465000152587891e+01 -2.082772254943847656e+00
-1.382013702392578125e+01 -1.848689675331115723e+00
-1.341119575500488281e+01 -1.148612737655639648e+00
-1.325561523437500000e+01 -1.241386532783508301e+00
-1.283809185028076172e+01 -1.681400895118713379e+00
-1.201890182495117188e+01 -1.112659692764282227e+00
-1.184421730041503906e+01 -5.213721394538879395e-01
-1.141016101837158203e+01 -4.654387533664703369e-01
-1.086420726776123047e+01 -7.391288876533508301e-01
-1.040118122100830078e+01 -2.230009436607360840e-01
-1.062921333312988281e+01 1.631213277578353882e-01
-1.026590347290039062e+01 -1.059790998697280884e-01
-9.625465393066406250e+00 -1.470420062541961670e-01
-9.343234062194824219e+00 3.507669866085052490e-01
-8.437238693237304688e+00 3.705385923385620117e-01
-8.024554252624511719e+00 -7.480432093143463135e-02
-7.501838207244873047e+00 -1.265892833471298218e-01
-8.295587539672851562e+00 -5.319888591766357422e-01
-8.598591804504394531e+00 -7.878644466400146484e-01
-1.011296272277832031e+01 -3.823275804519653320e+00
-1.050485420227050781e+01 -4.233102798461914062e+00
-1.109930992126464844e+01 -4.619002342224121094e+00
-1.051990509033203125e+01 -5.259963512420654297e+00
-9.664891242980957031e+00 -4.812314510345458984e+00
-9.318500518798828125e+00 -4.187127113342285156e+00
-7.686898231506347656e+00 -1.159597635269165039e+00
-7.381024360656738281e+00 -9.137511849403381348e-01
-6.496196269989013672e+00 -7.353919744491577148e-01
-6.601470470428466797e+00 -1.006031990051269531e+00
-6.309257030487060547e+00 -1.345804214477539062e+00
-6.938583850860595703e+00 -1.798840641975402832e+00
-6.983224868774414062e+00 -2.242629289627075195e+00
-7.222271919250488281e+00 -2.580190658569335938e+00
-7.736316680908203125e+00 -2.667558431625366211e+00
-7.985121726989746094e+00 -2.219534158706665039e+00
-7.803826808929443359e+00 -2.105186700820922852e+00
-8.335326194763183594e+00 -2.578804731369018555e+00
-8.758265495300292969e+00 -2.315001249313354492e+00
-9.058179855346679688e+00 -1.818456053733825684e+00
-9.183079719543457031e+00 -2.274298429489135742e+00
-9.681135177612304688e+00 -2.422675132751464844e+00
-1.007424354553222656e+01 -2.005991220474243164e+00
-1.045463943481445312e+01 -2.044242143630981445e+00
-1.078600120544433594e+01 -2.680209159851074219e+00
-1.127072715759277344e+01 -2.666206121444702148e+00
-1.163290309906005859e+01 -2.370953083038330078e+00
-1.217453956604003906e+01 -3.045500278472900391e+00
-1.255066299438476562e+01 -3.697390556335449219e+00
-1.274090480804443359e+01 -3.271723985671997070e+00
-1.339133644104003906e+01 -3.485714673995971680e+00
-1.375663471221923828e+01 -4.230978965759277344e+00
-1.354261589050292969e+01 -4.702463626861572266e+00
-1.348532009124755859e+01 -5.483798503875732422e+00
-1.253618717193603516e+01 -5.634248256683349609e+00
-1.195196914672851562e+01 -6.061132907867431641e+00
-1.179761505126953125e+01 -6.619187355041503906e+00
-1.084892940521240234e+01 -6.494100570678710938e+00
-9.713891029357910156e+00 -6.264145374298095703e+00
-7.911060333251953125e+00 -5.511853218078613281e+00
-6.708198070526123047e+00 -5.214883327484130859e+00
-6.247883319854736328e+00 -4.960865974426269531e+00
-5.691319942474365234e+00 -4.604495525360107422e+00
-5.383564472198486328e+00 -4.085239887237548828e+00
-4.805777549743652344e+00 -3.610883712768554688e+00
-4.735432624816894531e+00 -3.145154953002929688e+00
-3.782787561416625977e+00 -1.611663587391376495e-02
-3.812953233718872070e+00 4.068152308464050293e-01
-3.527806520462036133e+00 1.021017670631408691e+00
-2.969243764877319336e+00 1.266177535057067871e+00
-2.515922784805297852e+00 9.946830272674560547e-01
-2.856399059295654297e+00 2.818907797336578369e-01
-3.202879905700683594e+00 -5.981320142745971680e-01
-3.561393260955810547e+00 -1.352316856384277344e+00
-4.034886837005615234e+00 -1.669627308845520020e+00
-2.870364189147949219e+00 -1.574194312095642090e+00
-2.210336685180664062e+00 -8.124525547027587891e-01
-1.915753245353698730e+00 1.970340609550476074e-01
-1.284959912300109863e+00 1.420128822326660156e+00
-9.298751354217529297e-01 2.402404546737670898e+00
-3.007942438125610352e-01 3.543013811111450195e+00
6.529893279075622559e-01 4.727974414825439453e+00
1.065841078758239746e+00 5.641946792602539062e+00
1.293403625488281250e+00 6.660515785217285156e+00
1.896402478218078613e+00 7.751891136169433594e+00
2.240538835525512695e+00 9.058614730834960938e+00
2.529383420944213867e+00 9.750427246093750000e+00
3.119824647903442383e+00 1.044604110717773438e+01
3.385141849517822266e+00 1.081923866271972656e+01
3.969717979431152344e+00 1.115181827545166016e+01
4.506715774536132812e+00 1.094526195526123047e+01
5.319851398468017578e+00 1.096443843841552734e+01
5.974562644958496094e+00 1.056988906860351562e+01
5.840700626373291016e+00 1.047628593444824219e+01
5.277218341827392578e+00 1.012895107269287109e+01
5.478300094604492188e+00 9.629952430725097656e+00
5.805602550506591797e+00 9.426213264465332031e+00
5.359635829925537109e+00 8.813494682312011719e+00
5.037381172180175781e+00 8.039486885070800781e+00
5.355463981628417969e+00 7.567252635955810547e+00
5.181461334228515625e+00 6.980092048645019531e+00
4.560791015625000000e+00 6.582520008087158203e+00
4.392998218536376953e+00 6.104826450347900391e+00
4.789915084838867188e+00 5.625888347625732422e+00
4.152964115142822266e+00 5.227657318115234375e+00
3.617696285247802734e+00 4.794775485992431641e+00
4.185932636260986328e+00 4.150383949279785156e+00
3.829046964645385742e+00 3.239025831222534180e+00
2.998354434967041016e+00 3.214004516601562500e+00
3.168961524963378906e+00 3.786485433578491211e+00
4.279999732971191406e+00 3.297278881072998047e+00
5.083849430084228516e+00 3.856467485427856445e+00
4.766674041748046875e+00 4.692800521850585938e+00
5.622828483581542969e+00 5.551366329193115234e+00
4.471223354339599609e+00 -3.655751228332519531e+00
6.836877822875976562e+00 7.339681148529052734e+00
6.299857139587402344e+00 8.077260971069335938e+00
5.957445144653320312e+00 8.519222259521484375e+00
6.758984088897705078e+00 8.542751312255859375e+00
7.094616889953613281e+00 8.883580207824707031e+00
6.587118625640869141e+00 9.480617523193359375e+00
6.750065803527832031e+00 9.771093368530273438e+00
7.420834064483642578e+00 9.781486511230468750e+00
7.367210388183593750e+00 1.035935211181640625e+01
7.410391330718994141e+00 1.088044643402099609e+01
6.932083129882812500e+00 1.110622978210449219e+01
6.699894428253173828e+00 1.147130203247070312e+01
6.324071884155273438e+00 1.112182712554931641e+01
5.985969066619873047e+00 1.169030857086181641e+01
5.829937934875488281e+00 1.160975646972656250e+01
5.142791748046875000e+00 1.158546352386474609e+01
5.072175025939941406e+00 1.102553558349609375e+01
4.439148426055908203e+00 1.056548976898193359e+01
4.309648990631103516e+00 9.941818237304687500e+00
4.240355968475341797e+00 9.559184074401855469e+00
3.759874343872070312e+00 9.289969444274902344e+00
4.058143615722656250e+00 8.730523109436035156e+00
4.366176605224609375e+00 8.759106636047363281e+00
3.559158802032470703e+00 8.913775444030761719e+00
3.398023366928100586e+00 8.369599342346191406e+00
3.828138113021850586e+00 7.833163738250732422e+00
3.359462261199951172e+00 7.880743026733398438e+00
2.856631278991699219e+00 7.709911346435546875e+00
3.033237457275390625e+00 7.098079204559326172e+00
3.051597833633422852e+00 6.555654525756835938e+00
2.341008186340332031e+00 6.800086021423339844e+00
2.274103403091430664e+00 6.324186801910400391e+00
2.424666404724121094e+00 5.592410087585449219e+00
1.971615195274353027e+00 5.480373859405517578e+00
1.503190040588378906e+00 5.522480964660644531e+00
1.162651300430297852e+00 4.592639923095703125e+00
5.310531258583068848e-01 3.805617570877075195e+00
4.894365966320037842e-01 2.847044944763183594e+00
-1.052415519952774048e-01 1.564977884292602539e+00
8.111290633678436279e-02 5.692587494850158691e-01
-3.169725835323333740e-02 -3.239498138427734375e-01
-7.547145485877990723e-01 -1.322021484375000000e+00
1.198239028453826904e-01 -1.848834991455078125e+00
5.306060910224914551e-01 -2.406039714813232422e+00
1.077451467514038086e+00 -2.745597362518310547e+00
1.329566955566406250e+00 -2.941104412078857422e+00
1.837965250015258789e+00 -2.636062145233154297e+00
2.583871841430664062e+00 -2.643625736236572266e+00
3.189086914062500000e+00 -2.324473381042480469e+00
5.895909309387207031e+00 -2.853554725646972656e+00
6.714643478393554688e+00 -2.057022333145141602e+00
7.420253276824951172e+00 -1.797068595886230469e+00
7.491203308105468750e+00 1.050412774085998535e+00
7.868789196014404297e+00 1.855022311210632324e+00
8.570325851440429688e+00 2.867697000503540039e+00
8.690860748291015625e+00 3.653812646865844727e+00
9.418986320495605469e+00 4.211334705352783203e+00
1.031482887268066406e+01 4.304553985595703125e+00
1.061112499237060547e+01 3.465303421020507812e+00
9.511924743652343750e+00 3.304018259048461914e+00
8.534488677978515625e+00 2.565208911895751953e+00
7.185749053955078125e+00 2.490161418914794922e+00
6.311980724334716797e+00 1.624891877174377441e+00
4.627818107604980469e+00 1.102682471275329590e+00
3.687124729156494141e+00 7.735434919595718384e-02
2.701228618621826172e+00 -6.887404322624206543e-01
2.205504179000854492e+00 -1.624791264533996582e+00
1.984698176383972168e+00 -1.177555322647094727e+00
2.202219247817993164e+00 -6.435511708259582520e-01
1.831168413162231445e+00 -3.216754794120788574e-01
1.508571028709411621e+00 1.401675343513488770e-01
1.987272024154663086e+00 3.514955043792724609e-01
1.130456447601318359e+00 -1.774912178516387939e-01
2.916540145874023438e+00 9.907078146934509277e-01
4.048651695251464844e+00 1.980366468429565430e+00
5.143360614776611328e+00 2.449987173080444336e+00
6.582056999206542969e+00 2.722770929336547852e+00
8.960509300231933594e+00 2.188003778457641602e+00
1.004813098907470703e+01 3.035455942153930664e+00
1.133960819244384766e+01 3.505380630493164062e+00
1.184517574310302734e+01 3.937801361083984375e+00
1.258339595794677734e+01 4.134582996368408203e+00
1.339120578765869141e+01 4.156594753265380859e+00
1.418687534332275391e+01 4.300887107849121094e+00
1.457640838623046875e+01 3.670079946517944336e+00
1.396346473693847656e+01 2.912964344024658203e+00
1.380939006805419922e+01 1.946189522743225098e+00
1.243849468231201172e+01 1.430770635604858398e+00
1.216994285583496094e+01 5.182583928108215332e-01
1.171235466003417969e+01 9.527251720428466797e-01
1.098970508575439453e+01 1.562732100486755371e+00
1.028156948089599609e+01 9.511080980300903320e-01
1.017426681518554688e+01 3.102520406246185303e-01
9.625824928283691406e+00 7.031458020210266113e-01
8.828426361083984375e+00 7.339219450950622559e-01
8.495136260986328125e+00 -2.355750203132629395e-01
8.194458961486816406e+00 -2.652936577796936035e-01
7.413896083831787109e+00 -4.759799689054489136e-02
6.714721679687500000e+00 -3.695216178894042969e-01
6.460769176483154297e+00 -9.362631440162658691e-01
5.993009567260742188e+00 -7.016065716743469238e-01
5.449093818664550781e+00 -6.164965629577636719e-01
5.151563167572021484e+00 -1.193434119224548340e+00
5.008861541748046875e+00 -1.445928573608398438e+00
4.619880199432373047e+00 -1.120774865150451660e+00
4.044494628906250000e+00 -1.266018629074096680e+00
3.911671638488769531e+00 -1.831636309623718262e+00
4.438655853271484375e+00 -1.934982657432556152e+00
4.801370143890380859e+00 -2.165723085403442383e+00
5.671252250671386719e+00 -1.943968772888183594e+00
6.023866653442382812e+00 -2.331573486328125000e+00
7.019598007202148438e+00 -2.848838090896606445e+00
7.753896713256835938e+00 -2.688588142395019531e+00
8.238560676574707031e+00 -3.394455194473266602e+00
9.489921569824218750e+00 -3.445574522018432617e+00
1.032384490966796875e+01 -4.061502933502197266e+00
1.097516155242919922e+01 -3.773126840591430664e+00
1.167419910430908203e+01 -3.745692491531372070e+00
1.157125091552734375e+01 -3.257964134216308594e+00
1.238005447387695312e+01 -2.991557359695434570e+00
1.265706157684326172e+01 -2.816550254821777344e+00
1.180817031860351562e+01 -2.636618614196777344e+00
1.176591968536376953e+01 -2.341855049133300781e+00
1.252104473114013672e+01 -2.069952964782714844e+00
1.244846534729003906e+01 -1.649237751960754395e+00
1.156529712677001953e+01 -1.630711793899536133e+00
1.181351947784423828e+01 -1.522173643112182617e+00
1.223707389831542969e+01 -1.103424668312072754e+00
1.175932312011718750e+01 -8.662465810775756836e-01
1.144973659515380859e+01 -6.442432403564453125e-01
1.086905193328857422e+01 -7.769217491149902344e-01
1.101206493377685547e+01 -1.055733084678649902e+00
1.055838966369628906e+01 -1.301206469535827637e+00
1.041556358337402344e+01 -1.677863836288452148e+00
1.024588584899902344e+01 -1.999359965324401855e+00
9.254621505737304688e+00 -2.020961284637451172e+00
8.559665679931640625e+00 -2.448653936386108398e+00
8.666193962097167969e+00 -2.903275728225708008e+00
8.808176994323730469e+00 -3.611900568008422852e+00
9.552852630615234375e+00 -3.979880809783935547e+00
9.515519142150878906e+00 -4.426046371459960938e+00
9.813939094543457031e+00 -4.881471157073974609e+00
1.010865306854248047e+01 -5.117892265319824219e+00
1.063425731658935547e+01 -5.147775173187255859e+00
1.105892944335937500e+01 -5.066695213317871094e+00
1.117636585235595703e+01 -4.578906536102294922e+00
1.190274715423583984e+01 -4.237573146820068359e+00
1.279898357391357422e+01 -3.669642925262451172e+00
1.402305698394775391e+01 -2.057682752609252930e+00
1.717967414855957031e+01 4.866129904985427856e-02
1.822996520996093750e+01 4.352518916130065918e-01
1.872855377197265625e+01 -2.458761632442474365e-02
1.989539146423339844e+01 -2.918901145458221436e-01
2.091736221313476562e+01 -6.211051344871520996e-01
2.132120704650878906e+01 -1.061902999877929688e+00
2.200145339965820312e+01 -9.475955963134765625e-01
2.252057647705078125e+01 -5.189123749732971191e-01
2.221270370483398438e+01 -6.251518428325653076e-02
2.272751998901367188e+01 -1.775231808423995972e-01
2.275354194641113281e+01 3.664300441741943359e-01
2.248939323425292969e+01 8.941724300384521484e-01
2.295534133911132812e+01 1.673980712890625000e+00
2.359232139587402344e+01 1.755533576011657715e+00
2.401261138916015625e+01 2.329657554626464844e+00
2.523140525817871094e+01 3.167235136032104492e+00
2.499588966369628906e+01 4.335515022277832031e+00
2.485213661193847656e+01 5.438680171966552734e+00
2.360675430297851562e+01 6.731384277343750000e+00
2.363867950439453125e+01 7.595510482788085938e+00
2.353003883361816406e+01 8.356354713439941406e+00
2.373673248291015625e+01 9.186009407043457031e+00
2.300636100769042969e+01 9.673326492309570312e+00
2.348873901367187500e+01 1.004417037963867188e+01
2.398733329772949219e+01 9.847725868225097656e+00
2.355935096740722656e+01 9.410689353942871094e+00
2.419515228271484375e+01 9.027615547180175781e+00
2.404665184020996094e+01 8.274366378784179688e+00
2.436109542846679688e+01 7.492276668548583984e+00
2.391377830505371094e+01 6.583526611328125000e+00
2.417933082580566406e+01 5.681229114532470703e+00
2.448743438720703125e+01 4.662376880645751953e+00
2.485360336303710938e+01 3.898499727249145508e+00
2.434921836853027344e+01 3.068344593048095703e+00
2.437962722778320312e+01 2.614894390106201172e+00
2.371035766601562500e+01 2.777638673782348633e+00
2.419412040710449219e+01 3.320144414901733398e+00
2.389047622680664062e+01 3.641959190368652344e+00
2.416332054138183594e+01 4.257044792175292969e+00
2.405657005310058594e+01 5.033231258392333984e+00
2.459890556335449219e+01 6.144333839416503906e+00
2.454842376708984375e+01 6.943985939025878906e+00
2.476730537414550781e+01 7.895932674407958984e+00
2.449673843383789062e+01 8.444745063781738281e+00
2.454015159606933594e+01 9.140292167663574219e+00
2.319781303405761719e+01 9.135246276855468750e+00
2.293965721130371094e+01 8.695962905883789062e+00
2.258856582641601562e+01 8.491588592529296875e+00
2.261598205566406250e+01 7.930449008941650391e+00
2.178855514526367188e+01 7.497946262359619141e+00
2.204215240478515625e+01 7.463526248931884766e+00
2.283483695983886719e+01 7.195798397064208984e+00
2.246459007263183594e+01 6.576498985290527344e+00
2.164269256591796875e+01 6.144822597503662109e+00
2.224148178100585938e+01 5.987478256225585938e+00
2.290754699707031250e+01 5.557104110717773438e+00
2.204426574707031250e+01 4.875504493713378906e+00
2.138978576660156250e+01 4.532117843627929688e+00
2.227551651000976562e+01 4.455514907836914062e+00
2.237122917175292969e+01 3.711197614669799805e+00
2.125859832763671875e+01 3.152274370193481445e+00
2.130328750610351562e+01 3.420030593872070312e+00
2.202388572692871094e+01 3.172886848449707031e+00
2.192493057250976562e+01 2.454377412796020508e+00
2.148535346984863281e+01 1.947666406631469727e+00
2.094975852966308594e+01 1.517706036567687988e+00
2.141957855224609375e+01 1.036380887031555176e+00
2.205556297302246094e+01 1.188509583473205566e+00
2.303600311279296875e+01 9.172690510749816895e-01
2.392371368408203125e+01 1.254310846328735352e+00
2.497277259826660156e+01 1.572149634361267090e+00
2.570603179931640625e+01 2.140322446823120117e+00
2.641923904418945312e+01 2.224450588226318359e+00
2.623449707031250000e+01 1.775098800659179688e+00
2.630220985412597656e+01 9.097124934196472168e-01
2.073774909973144531e+01 6.563567638397216797e+00
2.038377761840820312e+01 5.868828296661376953e+00
1.982082748413085938e+01 5.162781715393066406e+00
1.696254920959472656e+01 2.769675493240356445e+00
1.669047355651855469e+01 2.904024600982666016e+00
1.717841911315917969e+01 2.269024610519409180e+00
1.688143157958984375e+01 1.910328984260559082e+00
1.613355064392089844e+01 2.056064844131469727e+00
1.627426147460937500e+01 1.747549772262573242e+00
1.548151588439941406e+01 2.461730480194091797e+00
1.509767150878906250e+01 2.353494644165039062e+00
1.512754344940185547e+01 3.335341930389404297e+00
1.539936733245849609e+01 4.069683551788330078e+00
1.525929260253906250e+01 4.696947574615478516e+00
1.634745216369628906e+01 4.810930728912353516e+00
1.706743431091308594e+01 4.927540302276611328e+00
1.802003288269042969e+01 4.940416812896728516e+00
1.752944755554199219e+01 4.367573261260986328e+00
1.729595756530761719e+01 4.115722179412841797e+00
1.835006904602050781e+01 4.046630859375000000e+00
1.883202934265136719e+01 3.681098461151123047e+00
1.823190498352050781e+01 3.021385192871093750e+00
1.874635696411132812e+01 2.796539306640625000e+00
1.951641082763671875e+01 2.644818782806396484e+00
1.917190742492675781e+01 1.895467042922973633e+00
1.886401176452636719e+01 1.434597373008728027e+00
1.958994102478027344e+01 1.728833198547363281e+00
2.013975524902343750e+01 1.416766166687011719e+00
2.018869781494140625e+01 8.343474864959716797e-01
2.063070106506347656e+01 4.104855656623840332e-01
2.104671859741210938e+01 3.480328917503356934e-01
2.168687820434570312e+01 -6.316392123699188232e-02
2.376819229125976562e+01 2.631400525569915771e-01
2.477391433715820312e+01 5.518891215324401855e-01
2.579555892944335938e+01 1.134116768836975098e+00
2.677613258361816406e+01 1.659967184066772461e+00
2.729370880126953125e+01 1.955503702163696289e+00
2.718075942993164062e+01 2.524126052856445312e+00
2.779164314270019531e+01 2.781731843948364258e+00
2.773512077331542969e+01 2.544349431991577148e+00
2.743803977966308594e+01 3.088973999023437500e+00
2.737306213378906250e+01 3.459571123123168945e+00
2.685994720458984375e+01 3.529273986816406250e+00
2.610884857177734375e+01 3.593133449554443359e+00
2.632807540893554688e+01 3.673403263092041016e+00
2.685684204101562500e+01 4.338342189788818359e+00
2.637055206298828125e+01 4.648344039916992188e+00
2.575624275207519531e+01 4.918246746063232422e+00
2.619342231750488281e+01 5.431210994720458984e+00
2.637096405029296875e+01 5.888455867767333984e+00
2.574245643615722656e+01 6.030554771423339844e+00
2.533314323425292969e+01 6.633790493011474609e+00
2.581101226806640625e+01 7.052560329437255859e+00
2.564309120178222656e+01 7.778685569763183594e+00
